01230212031230132102301130213203132021310213031213012030210312032100213321012310231032301032013201232103213023120130203102230123
01230212031230132102301130213203132021310213031213012030210312032103213001323012332101232012310203102310320103221302312013201302
01230212031230132102301130213203132021310213031213012030210312032103213002133201023103201302312013201231022130203102321013230123
01230212031230132102301130213203132021310213031213012030210312032103213002133201231022130203102310320102321013201302312013230123
01230212031230132102301130213203132021310213031213012030210312032103213002133201231022130231032301232101320103201302031023120132
01230212031230132102301130213203132021310213031213012030210312032103213002133201231023120132301232101320103201302031022130231032
01230212031230132102301130213203132021310213031213012030210312032103213002133201231032010322130203102312013230123210132013023102
01230212031230132102301130213203132021310213031213012030210312032103213002133201232101320130203102213023102312013230123103201023
01230212031230132102301130213203132021310213031213012030210312032103213002133201232101322130231201302031023103201320103230123102
01230212031230132102301130213203132021310213031213012030210312032103213002133201302031022130231023120132010232101323012310320123
01230212031230132102301130213203132021310213031213012030210312032103213002133201302213023103201023120132012310203102321013230123
01230212031230132102301130213203132021310213031213012030210312032103213002133201302310320103230123102031023120132012321013221302
01230212031230132102301130213203132021310213031213012030210312032103213002133210123201302031023102213023120132010320123103230123
01230212031230132102301130213203132021310213031213012030210312032103213022310123210013230123320102310320130231201320123102031023
01231013203102132023103201232010321031201310201321023132013320112031230312130031220130213012302103231023012032130231203021230132
01231013203102132023103201232010321031201310201321023132013320112031230312130120321300231203021230123021032310230132201302130231
01231013203102132023103201232010321031201310201321023132013320112031230312130123013220130213023120301203213003212302103231023012
01231013203102132023103201232010321031201310201321023132013320112031230312130123013231023012032123021032201302130032130231203012
01231013203102132023103201232010321031201310201321023132013320112031230312130123021032201302312030120321302130032123013231023012
01231013203102132023103201232010321031201310201321023132013320112031230312130123021032310230120301220130213003213023120321230132
01231013203102132023103201232010321031201310201321023132013320112031230312130123021032310230132201302123012030213002312032130231
01231013203102132023103201232010321031201310201321023132013320112031230312130123021230132201302103231023012030213002312032130231
01231013203102132023103201232010321031201310201321023132013320112031230312130123021230132310230120302103220130213002312032130231
01231013203102132023103201232010321031201310201321023132013320112031230312130123021300312201302312030210323102301203213021230132
01231013203102132023103201232010321031201310201321023132013320112031230312130123021302103231023012030122013023120321300321230132
01231013203102132023103201232010321031230213012303120130210302123012032130021332011032310230132102312031210322130231320131020132
01231013203102132023103201232010321031230213012303120130210302123012032130201321023011302312001233012103223013231023132013120312
01231013203102132023103201232010321031230213012303120130210302123012032130201321023011320131203121032230132310231302312001233012
01231013203102132023103201232010321031230213012303120130210302123012032130201321023011320133210021310223013231023130231203121032
01231013203102132023103201232010321031230213012303120130210302123012032130201321023013231002133201130231203121032231023132013102
01231013203102132023103201232010321031230213012303120130210302123012032130201321023130231200213301210322301323102301132013120312
01231013203102132023103201232010321031230213012303120130210302123012032130201321023130231200231132013102201331203121032310230132
01231013203102132023103201232010321031230213012303120130210302123012032130223102013210021310231302312031210323011320133210230132
01231013203102132023103201232010321031230213012303120130210302123012032130231130201312002133210230132203121032310231203132013210
01231013203102132023103201232010321031230213012303120130210323102301203213023120021330212301132013120312103012230132102313020132
01231013203102132023103201232010321031230213012303120130210323102301203213023120023113020132102313201310220133120312103021230132
01231013203102132023103201232010321031230213012303120130210323102301203213023120032113201330121030212301321023130201312031220132
01231013203102132023103201232010321031230213012303120130210323102301203213023120302123013223011203121033102013120013210231320132
01231013203102132023103201232010321031230213012303120130210323102301203213023120311023132013102013210233120013220312103021230132
01231013203102132023103201232010321031230213012303120130210323102301203213023120311032201332102313201321002131020312103021230132
01231013203102132023103201232010321031230213012303120130210323102301203213023120311230012330122031210302123013210231320131020132
01231013203102132023103201232010321031230213012303120130210323102301203213023120311302031220132102313201312001233012103021230132
01231013203102132023103201232010321031230213012303120130210323102301203213023120311302201310203121030212301321001233210231320132
01231013203102132023103201232010321031230213012303120130210323102301203213023120311302201332102313201321002131020312103021230132
01231013203102132023103201232010321031230213012303120130210323102301203213023120311302203121030212301321001233210231320131020132
01231013203102132023103201232010321031230213012303120130210323102301203213023120311320012330212301321023132013102013220312103012
01231013203102132023103201232010321031230213012303120130210323102301203213023120311320132102313200123301210302123013220131020312
01231013203102132023103201232010321031230213012303120130210323102301203213023120312103012201310203110231320132102331200321230132
01231013203102132023103201232010321031230213012303120130210323102301203213023120312103312002311302013210231320131022103021230132
01231013203102132023103201232010321031230213012303120130210323102301203213023120312130012330212030122301123013210231320131020132
01231013203102132023103201232010321031230213012303120130210323102301203213023120312130012332013210231120302123013220131020313201
01231013203102132023103201232010321031230213012303120130210323102301203213023120313201310201321003121030212033210231123013220312
01231013203102132023103201232010321031230213012303120130210323102301203213023120313201322301123013210021310203121030212033210231
01231013203102132023103201232010321031230213012303120130210323102301203213023120313201331200213102013210231103220312103021230132
01231013203102132023103201232010321031230213012303120130210323102301203213023120330212301321023132013102013221030121300231120312
01231013203102132023103201232010321301230210312303210230120312013021300123302123013231020132103221030121302312032110231320131023
01231013203102132023103201232010321301230210312303210230120312013021302312003212301322013210301210323102013102313201331203211023
01231013203102132023103201232010321301230210312303210230120312013021302312030121033201322310023132011203212301321032310201310231
01231013203102132023103201232010321301230210312303210230120312013021302312032113201330121032231020132103021230132310021310231302
01231013203102132023103201232010321301230210312303210230120312013021302312032113201331022013231020131023132003121030212301321032
01231013203102132023103201232010321301230210312303210230120312013021302312032120301210331200312203112301321032310201310231320132
01231013203102132023103201232010321301230210312303210230120312013021302312032120330211230132310231320131020132103012103221300123
01231013203102132023103201232010321301230210312303210230120312013021302312032123001233021123013231020131023132013210301210322013
01231013203102132023103201232010321301230210312303210230120312013021302312032123001233201322013102031123013210301210323102313201
01231013203102132023103201232010321301230210312303210230120312013021302312032123001321032310201322013102313201330121030211230132
01231013203102132023103201232010321301230210312303210230120312013021302312032123002133201123013231020131023132013210301210322013
01231013203102132023103201232010321301230210312303210230120312013021302312032123002133201322103231020131023132011230132103012103
01231013203102132023103201232010321301230210312303210230120312013021302312032123003121030122013320112301321032310201310231320132
01231013203102132023103201232010321301230210312303210230120312013021302312032123003121033201123013210301221032310201310231320132
01231013203102132023103201232010321301230210312303210230120312013021302312032123013220132100231320131020133210301210323102311023
01231013203102132023103201232010321301230213021032310230120321023132013023120131020132103312031120301210312001322031230321230132
01231013203102132023103201232010321301230213021032310230120321023132013023120132231003211230321203012103120312301321033102013102
01231013203102132023103201232010321301230213021032310230120321023132013023120133012103120031230321130201312031220132103021230132
01231013203102132023103201232010321301230213021032310230120321023132013023120133102013102201321030121031203123002311230321230132
01231013203102132023103201232010321301230213021032310230120321023132013023120133102031230021310220132103012103120311230321230132
01231013203102132023103201232010321301230213021032310230120321023132013023120133102230132103123011203021230312031213002131020132
01231013203102132023103201232010321301230213021032310230120321023132013023120133120032120312103120302112303123013220131020132103
01231013203102132023103201232010321301230213021032310230120321023132013023120133201132003123032123013210301210312031220131020132
01231013203102132023103201232010321301230213021032310230120321023132013023120311230012332103120131020132203121030212303123013210
01231013203102132023103201232010321301230213021032310230120321023132013210301210312013120311320012331020312303212301322013023120
01231013203102132023103201232010321301230213021032310230120321023132013210312013302123032112301322013102013023120312300312103012
01231013203102132023103201232010321301230213021032310230120321023132013210312031123032123013221030121033102031230021312013023120
01231013203102132023103201232010321301230213021032310230120321023132013210312031210332100231201302311203021230312301322013102013
01231013203102132023103201232010321301230213021032310230120321023132013210312031213003123013221303211203021203310201302312013102
01231013203102132023103201232010321301230213021032310230120321023132013210312031230021332011203012130321230132201302312013102013
01231013203102132023103201232010321301230213021032310230120321023132013210312031230132201302312001233012103021230321130201312013
01231013203102132023103201232010321301230213021032310230120321023132013210312031230312103012203110233102013023120131200321230132
01231013203102132023103201232010321301230213021032310230120321023132013210312031230321123013221030121033021230021310201302312013
01231013203102132023103201232010321301230213021032310230120321023132013210312031230321130201331200312103021230132201302312013102
01231013203102132023103201232010321301230213021032310230120321023132013210312031230321130220130231201310201331200312103021230132
01231013203102132023103201232010321301230213021032310230120321023132013210312031230321203012103301221300231201310201302311230132
01231013203102132023103201232010321301230213021032310230120321023132013210312031230321230021310201302312013301210301220311230132
01231013203102132023103201232010321301230213021032310230120321023132013210312031230321230113200213102013023120133012103012230132
01231013203102132023103201232010321301230213021032310230120321023132013210312130032112033120302120312301322130312013102013023120
01231013203102132023103201232010321301230213021032310230120321023132013210312300213302113023120312013020131022103012130321230132
01231013203102132023103201232010321301230213021032310230120321023132013210331020130231200321103221030121031201312031230321230132
01231013203102132023103201232010321301230213021032310230120321031201302313201310201332011320013210231203012130321203123013220132
01231013203102132023103201232010321301230213021032310230120321031201302313201321023120032112031230132210301213032120331020131203
01231013203102132023103201232010321301230213021032310230120321031201302313201321023120301210331200312301322013102031123032120312
01231013203102132023103201232010321301230213021032310230120321031201302313201321023120301213032123001322013102013302112031230132
01231013203102132023103201232010321301230213021032310230120321031201302313201321023120302110233102013120031213032120312301322013
01231013203102132023103201232010321301230213021032310230120321031201302313201321023120302120311023321002131020312130312301322013
01231013203102132023103201232010321301230213021032310230120321031201302313201321023120302120311032210331200213102031213031230132
01231013203102132023103201232010321301230213021032310230120321031201302313201321023120302120311032210332100213102031213031230132
01231013203102132023103201232010321301230213021032310230120321031201302313201321023120302120311230132210330121300213102031230312
01231013203102132023103201232010321301230213021032310230120321031201302313201321023120302120311302210331200213102031213031230132
01231013203102132023103201232010321301230213021032310230120321031201302313201321023120302120312130012330122013102031123031230132
01231013203102132023103201232010321301230213021032310230120321031201302313201321023120302120312201310203110233120031213031230132
01231013203102132023103201232010321301230213021032310230120321031201302313201321023120302120312230112303121033102013120031230132
01231013203102132023103201232010321301230213021032310230120321031201302313201321023120302120312303122013102013301213002311230132
01231013203102132023103201232010321301230213021032310230120321031201302313201321023120302120331020131200132203112031213031230132
01231013203102132023103201232010321301230213021032310230120321031201302313201321023120302120332100312301322013102031120312130312
01231013203102132023103201232010321301230213021032310230120321031201302313201321023120302123002131020133012130312203112031230132
01231013203102132023103201232010321301230213021032310230120321031201302313201321023120302123002131022103310203112031213031230132
01231013203102132023103201232010321301230213021032310230120321031201302313201321023120302123013220133102013120023112031213031230
01231013203102132023103201232010321301230213021032310230120321031201302313201321023120302123013220312103310201312003123032112031
01231013203102132023103201232010321301230213021032310230120321031201302313201321023120302123013221033201120312130312300213102013
01231013203102132023103201232010321301230213021032310230120321031201302313201321023120302123031210330211203123013221300213102013
01231013203102132023103201232010321301230213021032310230120321031201302313201321023120302123031230132201310201330121300231120312
01231013203102132023103201232010321301230213021032310230120321031201302313201321023120311230132210332100213102031210302123031230
01231013203102132023103201232010321301230213021032310230120321031201302313201321023120331022130321203012130021310203112031230132
01231013203102132023103201232010321301230213021032310230120321031201302313201321023120331200312103021120312303212301322013102013
01231013203102132023103201232010321301230213021032310230120321031201302313201321023120332011230312103021203123013221300213102013
01231013203102132023103201232010321301230213021032310230120321031201310201302201332100231130231203012130321203123013210231320132
01231013203102132023103201232010321301230213021032310230120321031201310201302312033102231003211203012130321203123013210231320132
01231013203102132023103201232010321301230213021032310230120321031201310201302313022310021330211320132102312030121303212031230132
01231013203102132023103201232010321301230213021032310230120321031201310201302313200312201321023120301213032113201330212031230132
01231013203102132023103201232010321301230213021032310230120321031201310201302313200312303212301321023120312103012201330211320132
01231013203102132023103201232010321301230213021032310230120321031201310201302313201132002133201321023120301213032120312301322013
01231013203102132023103201232010321301230213021032310230120321031201310201302313201321003212030211023120312130312301322013321023
01231013203102132023103201302130120321303120131023013210321023201233021031213023112031230212300231203012231020132301230102313201
01231013203102132023103201302130120321303120131023013210321023201233021031213023120301230023112301220132310203123021203132010231
01231013203102132023103201302130120321303120131023013210321023201233021031213023120301230122310032120312302110231320103231020132
01231013203102132023103201302130120321303120131023013210321023201233021031213023120302112301230212031230013220132310203132010231
01231013203102132023103201302130120321303120131023013210321023201233021031213023120302113200132201323102031230123021203132010231
01231013203102132023103201302130120321303120131023013210321023201233021031213023120302123012300132201323102031230211203132010231
01231013203102132023103201302130120321303120131023013210321023201233021031213023120311230122013231020312302120301230023132010231
01231013203102132023103201302130120321303120131023013210321023201233021031213023120311230212030122013231020312301230023132010231
01231013203102132023103201302130120321303120131023013210321023201233021031213023120311320102313200123012201323102031230212030123
01231013203102132023103201302130120321303120131023013210321023201233021031213023120312231020132301023132003123012302120302113201
01231013203102132023103201302130120321303120131023013210321023201233021031213023120312301230032110231320103231020132210302123021
01231013203102132023103201302130120321303120131023013210321023201233021031213023120313200132310201322031230123021203021132010231
01231013203102132023103201302130120321303120131023013210321023201233021031213023120313201023112300123012201323102031230212030123
01231013203102132023103201302130120321303120131023013210321023201233021031213023120313201023113200123012201323102031230212030123
01231013203102132023103201302130120321303120131023013210321023201233021031213023132002312031230123021203012201323102031132010231
01231013203102132023103201302130120321303120131023013210321023201233021031213023132011320012301223102013230102312031230212030123
01231013203102132023103201302130120321303120131023013210321023201233021031213023132011320031230212030122310201323012301023120312
01231013203102132023103201302130120321303120131023013210321023201233021031230211230032120312130231203012231020132301230102313201
01231032012331201302310132031021301230213201023130210312301323102301203120013220132103012103210232013102031132023120321230321302
01231032012331201302310132031021301230213201023130210312301323102301203210232013120312001322013210301210321230321302031132023120
01231032012331201302310132031021301230213201023130210312301323102301203210321230031220132102320131020311203120231203012130321302
01231032012331201302310132031021301230213201023130210312301323102301203210322130321203120301213002311032130201321023201312023120
01231032012331201302310132031021301230213201023130210312301323102301203213020311320231200213102201321030212303120312103210232013
01231032012331201302310132031021301230213201023130210312301323102301203213022031203112030121300231202131020132103212303210232013
01231032012331201302310132031021301230213201023130210312301323102301203213022103021130201321023201312003120231203121032123032103
01231032012331201302310132031021301230213201023130210312301323102301203213022103021230312023112300231203121032102320131020132103
01231032012331201302310132031021301230213201023130210312301323102301203213022130032113202312030121303210232013102013210321203120
01231032012331201302310132031021301230213201023130210312301323102301203213022130321203112300213102031202312030121032102320132103
01231032012331201302310132031021301230213201023130210312301323102301203213022301132001232013102013210302123031202312031210321023
01231032012331201302310132031021301230213201023130210312301323102301203213022301132001321032120312023120301213032102320131020132
01231032012331201302310132031021301230213201023130210312301323102301203213031200321032113022013120231203021203121302013210232013
01231032012331201302310132031021301230213201023130210312301323102301203213031220311230031203021203121302013210321023201312023120
01231032012331201302310132031021301230213201023130210312301323102301203213031220311320031213020132103210232013120231203021203120
01231032012331201302310132031021301230213201023130210312301323102301203213032102320132203110321203012130201312023120312001321032
01231032012331201302310132031021301230213201023130210312301323102301203213032103221030211032120312003121302013210232013120231203
01231032012331203210312301320310213012320130231012302123031201321023012031210302103213002131202311302031302213021320103231023120
01231032012331203210312301320310213012320130231012302123031201321023012031210321132010323102201310231200321302031302103021320213
01231032012331203210312301320310213012320130231012302123031201321023012031210321300321102312023130221302103021320103231020131023
01231032012331203210312301320310213012320130231012302123031201321023012031210321302231002312023130201310231130210302132010323102
01231032012331203210312301320310213012320130231012302123031201321023012031210322013102031102312023132010321302103021320013231023
01231032012331203210312301320310213012320130231012302123031201321023012031210323102313022310023120213102031103213021030213201023
01231032012331203210312301320310213012320130231012302123031201321023012031223011023120231302013120031210302103213021320103231023
01231032012331203210312301320310213012320130231012302123031201321023120032113022103021032310230120312130201312023130213201032130
01231032012331203213012321032301203102013203123021320131023013210123010321230023102130221303210231120301210312013023120231302103
01231032012331203213012321032301203102013203123021320131023013210123010321230023102130231130210301210312013022130321023120231302
01231032012331203213012321032301203102013203123021320131023013210123010321230023102130231302213032102311203012103120231201302103
01231032012331203213012321032301203102013203123021320131023013210123010321230023112030121302103120130220313023102130321023120213
01231032012331203213012321032301203102013203123021320131023013210123010321230023130231130221031201302103012130321023120231021302
01231032012331203213012321032301203102013203123021320131023013210123010321230023132023102130231201302103012130321023110322103120
01231032012331203213012321032301203102013203123021320131023013210123010321230031220313202311230321023102130210301210312013023120
01231032012331203213012321032301203102013203123021320131023013210123010321230312230112300321023102130210301210312013023120231302
01231032012331203213012321032301203102013203123021320131023013210123010321230321023132003120130210301210312203113023120231021302
01231032012331203213012321032301203102013203123021320131023013210123010321230321130231201302213003210231021302103012103120231302
01231032013023101320310213201232010321301230210312301321023120132230121033210021302131203212303210323102301120301203120231302013
01231032013023101320310213201232010321301230210312301321023120321030213021103221033120213120132310230120313020312003212303121032
01231032013023101320310213201232010321301230210312301321023120321030213021230312003122301102301203121032310203132021310233120132
01231032013023101320310213201232010321301230210312301321023120321030213021230312103230110233210013223102031320213102301203120132
01231032013023101320310213201232010321301230210312301321023120321030213021230312103230113202133210021310203120132231023012031302
01231032013023101320310213201232010321301230210312301321023120321030213021230312130012330211302210323102031320213102301203120132
01231032013023101320310213201232010321301230210312301321023120321030213021230312130013221032310203132021310230120330211203120132
01231032013023101320310213201232010321301230210312301321023120321030213021230312130021330211032310203132021310230120312013221032
01231032013023101320310213201232010321301230210312301321023120321030213021230312130023110233012031201312023130201322103231023012
01231032013023101320310213201232010321301230210312301321023120321030213021230312130023130201312013221032310230120312021330211023
01231032013023101320310213201232010321301230210312301321023120321030213021230312130023130203120213102210323102301203110233120132
01231032013023101320310213201232010321301230210312301321023120321030213021230312130032110230120312013102013221032310233120231302
01231032013023101320310213201232010321301230210312301321023120321030213021230321103221300213301203120131202313020132310230121032
01231032013023101320310213202130213102312031230210312013320103213012320123012032102301322013210301210323102031123032123002313201
01231032013023101320310213202130213102312031230210312013320103213012320123012032103012130321230023132011023013221032310201321023
01231032013023101320310213202130213102312031230210312013320103213012320123012032103012203132011230032123031210323102013210230132
01231032013023101320310213202130213102312031230210312013320103213012320123012032103021230013231020132102301322031320112303121032
01231032013023101320310213202130213102312031230210312013320103213012320123012032103220132310203132011203012130321230013210230132
01231032013023101320310213202130213102312031230210312013320103213012320123012032103220313201123031210302123001321023013231020132
01231032013023101320310213202130213102312031230210312013320103213012320123012032103221303212030121300231320110230132310201321023
01231032013023101320310213202130213102312031230210312013320103213012320123012032103223013231020132102301120301213032123002313201
01231032013023101320310213202130213102312031230210312013320103213012320123012032103223102013210230132301120301213032123002313201
01231032013023101320310213202130213102312031230210312013320103213012320123012032103230132231020132102301120301213032123002313201
01231032013023101320310213202130213102312031230210312013320103213012320123012032103231020132102301322031120301213032123002313201
01231032013023101320310213202130213102312031230210312013320103213012320123012032103231020132210301213032123002313201102301321023
01231032013023101320310213202130213102312031230210312013320103213012320123012032103231022103012130321230023132011302013210230132
01231032013023101320310213202130213102312031230210312013320103213012320123012032123032103223102013210230132301120301213002313201
01231032013023101320310213202130213102312031230210312013320103213012320123013210230120321032213031210302123002313201103231020132
01231032013023101320310213202130213102312032130312013230132102301203123021032100231320123011203021203321031213012320103223102013
01231032013023101320310213202130213102312032130312013230132102301203123021032103121301232011230102330122310203132012300321203012
01231032013023101320310213202130213102312032130312013230132102301203123021032120301213012301123003210312231020313201023201233012
01231032013023101320310213202130213102312032130312013230132102301203123021032120301223102031320032103121301230102320113201233012
01231032013023101320310213202130213102312032130312013230132102301203123021032120301230113201232010233012130122310203132003210312
01231032013023101320310213202130213102312032130312013230132102301203123021032120301233201102321003210312130122310203132012301023
01231032013023101320310213202130213102312032130312013230132102301203123021032120302112033201032231020313201232100321031213012301
01231032013023101320310213202130213102312032130312013230132102301203132011320013223102031213012301023201233021032103123021203012
01231032013023101320310213202130213102312032130312013230132102301203132012301120332103210032120302103121301232010322310203123021
01231032013023101320310213202130213102312032130312013230132102301203132012302103121301233201120301223102031230032103212301023201
01231032013023101320310213202130213102312032130312013230132102301203132012302103123002133021230103210322310203121301232011203012
01231032013023101320310213202130213102312032130312013230132102301203132012302103211023210032103123010233021203012231020312130123
01231032013023101320310213202130213102312032130312013230132102301203132012302103223102031230102321001233021203021103210312130123
01231032013023101320310213202130213102312032130312013230132102301232011203121301203021230103210023132012302103223102013321031230
01231032013023101320310213202130213102312032130312013231020313201023013210232011203012130120312300321031220133201230210321230123
01231032013023101320310213202130213102312032130312013231020313201023013210232011203123012130123003210312210321230210301203320123
01231032013023101320310213202130213102312032130312013231020313201023013210232011203123012210312130120301230032103212302103320123
01231032013023101320310213202130213102312032130312013231020313201023013210232012331200321203021031210322130120312301230211032103
01231032013023101320310213202130213102312032130312013231020313201023013210233012030121301220312300321032120311230123201230210312
01231032013023101320310213202130213102312032130312013231020313201023013210233012030210312213012103211203123012320123021230032103
01231032013023101320310213202130213102312032130312013231020313201023013210233012030210321031213002311023201230212031230122130123
01231032013023101320310213202130213102312032130312013231020313201023013210233012030211230121301232012300321031220312302103212031
01231032013023101320310213202130213102312032130312013231020313201023013210233012030212031123012302103210312130122031230012320123
01231032013023101320310213202130213102312032130312013231020313201023013210233012030212031230012301123021032103121301223012320123
01231032013023101320310213202130213102312032130312013231020313201023013210233012030212031230023112301210312213012320123021032103
01231032013023101320310213202130213102312032130312013231020313201023013210233012030212302103122103211203123012130123201230032103
01231032013023101320310213202130213102312032130312013231020313201023013210233012031123003210321203012130122031230123201230210312
01231032013023101320310213202130213102312032130312013231020313201023013210233012031221300321203021031230121301232012302110321032
01231032013023101320310213202130213102312032130312013231020313201023013210233012031221300321230121301232012302112030210321031230
01231032013023101320310213202130213102312032130312013231020313201023013210233012103211230123201230032103021031221301203123021203
01231032013023101320310213202130213102312032130312013231020313201023013210233012130023110321032213012030210312301232012302120312
01231032013023101320310213202130213102312032130312013231020313201023013210233012130023113022130120302103210312301232012302120312
01231032013023101320310213202130213102312032130312013231020313201023013210233012130032112302103210312213012030212031230123201230
01231032013023101320310213202130213102312032130312013231020313201023013210233012130032120302112031221301232012302103210312301203
01231032013023101320310213202130213102312032130312013231020313201023013210233012130120312301232012300132203112030212302103210312
01231032013023101320310213202130213102312032130312013231020313201023013210233012230113200123021032103121301203021203123012320123
01231032013023101320310213202130213102312032130312013231020313201023013210233012300321031213012210302103212301203123021102320123
01231032013023101320310213202130213102312032130312013231020313201023013210233012320123001322301203021032103123011230212031213012
01231032013023101320310213202130213102312032130312013231020313201023013210233012320123003122301203021032103123011230212031213012
01231032013023101320310213202130213102312032130312013231020313201023013210233012320123003210312203112030120312302103212301213012
01231032013023101320310213202130213102312032130312013231020313201023013210233012320123011320031213012030210321031230212031223012
01231032013023101320310213202130213102312032130312013231020313201023013210233012320123021031213002311032103221301203021203123012
01231032013023101320310213202130213102312032130312013231020313201023013210233021132001322103210302103121301203123012320123021203
01231032013023101320310213202130213102312032130312013231020313201023013210233120031230210312130120302120312230123201230110321032
01231032013023101320310213202130213102312032130312013231020313201023013210233201120312213012320123003121030210321031230212301203
01231032013023101320310213202130213102312032130312013231020313201023013210312103021120312213012300312301203302123021032102320123
01231032013023101320310213202130213102312032130312013231020313201023013210321120312130120330122103021031230032102320123021230123
01231032013023101320310213202130213102312032130312013231020313201023201230210312231003212030211032102301213012330120312301321032
01231032013023101320310213202130213102312032130312013231020313201023201233102231002311023012030212031213012301321031230210321023
01231032013023101320310213202130213102312032130312013231020313201023320110230120312103122130123201230031230132103021230210321023
01231032013023101320310213202130213102312032130312013231020313201032231003211023012031230212030121301230132102320123302103210312
01231032013023101320310213202130213102312032130312013231020313201130221300321203123013210312130123021032102320123320102301203012
01231032013023101320310213202130213102312032130312013231020313201230123312003122301321023201023011032103121301203021203123021032
01231032013023101320310213202130213102312032130312013231020313201230132103122301032120302110232100321023012130123301203123021032
01231032013023101320310213202130213320123210312302103012303212301323102301203110231320103220312032130121032100231201310201321023
01231032013023101320310213202130213320123210312302103012303212301323102301203120321103220313201023120131020132100321301210321023
01231032013023101320310213202130213320123210312302103012303212301323102301203132010322013210231200231130203120131203213012103210
01231032013023101320310213202130213320123210312302103012303212301323102301203132010322301102312032130121032100213102031201321023
01231032013023101320310213202130213320123210312302103012303212301323102301203210021312031132010321301210322031302031201321023120
01231032013023101320310213202130213320123210312302103012303212301323102301203210023120311320103213012103220131020312013210231302
01231032013023101320310213202130213320123210312302103012303212301323102301203210231103220131020312013210023120313201032130121032
01231032013023101320310213202130213320123210312302103012303212301323102301203210231203132010321123003213012103220131020312013210
01231032013023101320310213202130213320123210312302103012303212301323102301203211023120313201032100321301210322013102031201321023
01231032013023101320310213202130213320123210312302103012303212301323102301203213012103210023112031201310203132010322013210231203
01231032013023101320310213202130213320123210312302103012303212301323102301210322013120132102313020311320103210023120321301203120
01231032013023101320310213202130213320123210312302103021230123031203121032130120321002311023013210231201310201322031320103231023
01231032013023101320310213202130213320123210312302103021230123031203121032130120321002313020131022031132010230132102312013231023
01231032013023101320310213202130213320123210312302103021230123031203121032130120321002313201023013210231201310201322031103231023
01231032013023101320310213202130213320123210312302103021230123031203121032130120321023010231320110322301321002312013102013231023
01231032013023101320310213202130213320123210312302103021230123031203121032130120321023110323102301321002312013102013220313201023
01231032013023101320310213202130213320123210312302103021230123031203121032130120321023120023113201032203130201312013231023013210
01231032013023101320310213202131023120312013302130312301323102013210230120321030211320103213021230023130221031213012320123021032
01231032013023101320310213202131023120312013302130312301323102013210230120321032130211302210312130123021030212300231320102320123
01231032013023101320310213202131023120312013302130312301323102013210230120321032210302113021230210312130123002313201232010321302
01231032013023101320310213202131023120312013302130312301323102013210230120321302103122031120301213012302123002313201232010321032
01231032013023101320310213202131023120312013302130312301323102013210230120321302103210302123021102320103221031213012300231320123
01231032013023101320310213202131023120312013302130312301323102013210230120321302103221030211320103210312130123201230212300231302
01231032013023101320310213202131023120312013302130312301323102013210230120321302103221300231320102320123021203021103210312130123
01231032013023101320310213202131023120312013302130312301323102013210230120321302113022301023210023132012302120302103210312130123
01231032013023101320310213202131023120312013302130312301323102013210230120321302113200132203132010232012302120302103210312130123
01231032013023101320310213202131023120312013302130312301323102013210230120321302120302110321031213002313201023201230210322130123
01231032013023101320310213202131023120312013302130312301323102013210230120321302123002313201230210302110232010321031210322130123
01231032013023101320310213202131023120321302130312013230132102301203132012301120331200123201032103123021203021032231020312130123
01231032013023101320310213202131023120321302130312013230132102301203132012301132001232010322310203121301233021032103123021203012
01231032013023101320310213202131023120321302130312013230132102301203132012301132001233201032103123021203021032231020312130123201
01231032013023101320310213202131023120321302130312013230132102301203132012301132001322310203123021032103121301232010233021203012
01231032013023101320310213202131023120321302130312013230132102301203132012301132002133021031230212030121301232010321032231020312
01231032013023101320310213202131023120321302130312013230132102301203132012301132002133021203012231020312130123201032103123021032
01231032013023101320310213202131023120321302130312013230132102301203132012301132002133102031213012320103210312302120302103223102
01231032013023101320310213202131023120321302130312013230132102301203132012301132002133102231020312130123201032103123021203021032
01231032013023101320310213202131023120321302130312013230132102301203132012301132002133210312130123201032231020312302120302103210
01231032013023101320310213202131023120321302130312013230132102301203132012301132003210312130122310203123021032120301232010233012
01231032013023101320310213202131023120321302130312013230132102301203132012302112033021032100321203012130123210312231020312301023
01231032013023101320310213202131023120321302130312013230132102301203132012320110321032231020312130123010233120031230212030210312
01231032013023101320310213202131023120321302130312013230132102301203132012320113200321203012231020312130123010233021032103123021
01231032013023101320310213202133021301232012300312302123012032103213021031210302112303120132203132010323102013102301321023120312
01231032013023101320310213202133021301232012300321303123021031213021203132010231201310201321023012030122031203210321123013231023
01231032013023101320310213202133021301232012300321303123021031213021203132010231201321023012030122013102031203210321123013231023
01231032013023101320310213202133021301232012300321303123021031213021203132010231203012203120132310201310230120321032112301321023
01231032013023101320310213202133021301232012300321303123021031213021203132010231203211230132103210230120301220131020312013231023
01231032013023101320310213202133021301232012300321303123021031213021203132010321023013231023120131020132103220312030120321123012
01231032013023101320310213202133021301232012300321303123021031213021203132010321123012201321023120131020312030120321032310230132
01231032013023101320310213202133021301232012300321303123021031213021203210323102301203132010321123013210231201310201322031203012
01231032013023120131023013210312302132031203213012030123201230321013202313201032120310201323102130023112301210322130210332102310
01231032013023120131023013210312302132031203213012030123201230321013202313201032120311230121032201323100123321023102031021302103
01231032013023120131023013210312302132031203213012030123201230321013202313201032123012103231021300231120310201322130210332102310
01231032013023120131023013210312302132031203213012030123201230321013202313201032310013220310213021032120311230121033210231020132
01231032120321303210031201302310132031021301203132012302132023110230132102312030123210312203123012130210320102332013102013231023
01231032120321303210031201302310132031021301203132012302132023110230132102312030123210312301213021032010233201310203122013231023
01231032120321303210031201302310132031021301203132012302132023110230132102312030123320132201310203121302103201032310232103123012
01231032120321303210031201302310132031021301203132012302132023110230132102312030210320132203123012320103231020131023321031213021
01231032120321303210031201302310132031021301203132012302132023110230132103123012321023120301213021032010233201310203122013231023
01231032130231201302103201023132013210312301323102130120310203113202310132003120301233210232012302132031220131023012130321203210
01231032130231201302103201023132013210312301323102130120310203113202310132031213002131023201230212030122130312032102301233021320
01231032310023102203102131023012030213202130123321031201320312130201302311320103210123201230132102312031302120321303123021032013
01231032310031302310223101232010320132012330123013210321023012103012013020321203123021320310231202131021301123032130210312033012
01232010321302312013210231120321031202310320131020130210301231023013203123021301203102132001230321230121032310132203132012331203
01232010321302312013210231120321031202310320131020130210301231023013203123021301203312031320012303212301210323101322031021320123
01232010321302312013210231120321031202310320131020130210301231023013203123021301210322310132301203312031021320023132012303212301
01232010321302312013210231120321031202310320131020130210301231023013203123021301213002313022103231012303212301203102132012331203
01232010321302312013210231120321031202310320131020130210301231023013203123021301213032123002313022103231012301203102132012331203
01232010321302312013210231120321031202310320131020130210301231023013203123021301213032123012031021320123002313022103231012331203
01232010321302312013210231120321031202310320131020130210301231023013203123021301220313200321230120310213201230312103231012331203
01232010321302312013210231120321031202310320131020130210301231023013203123021320021301203312031320123032123012103231013220310213
01232010321302312013210231120321031202310320131020130210301231023013203123021320123012031320032123031220310213012103231012331203
01232013023120131023013210233012310132031230210321302123012031021320231020132310320102311320123031213012210312032103021300231302
01232013023120131023013210233012310132031230210321302123012031021320231020132310320113200123031210312032103021301223010231320123
01232013023120131023013210233012310132031230210321302123012031021320231020132310320123031223010231320112030213003120321031213012
01232013023120131200312030120321302013210230132031230210321031213012301223101231032012331021303212031023130213201032301132023102
01232013023120131200312030120321302013210230132031230210321031213012301223102132011203312023130213032120310231012310323010320123
01232013023120131200312030120321302013210230132031230210321031213012301223102310123320103231032011302130321203102132023132012310
01232013023120131200312030120321302013210230132031230210321031213012301223102310132301123032120310213201231032010233120231302130
01232013023120131200312030120321302013210230132031230210321031213012301223102310132310320102330211302130321203102132023132012310
01232013023120131200312030120321302013210230132031230210321031213012301223102310320113021203102132023132012310132301023302130312
01232013023120131200312030120321302013210230132031230210321031213012301223103201032301102310213201231012331202313021303212031023
01232013023120131200312030120321302013210230132031230210321031213012301223103201102310233120231302130321203102132012310132301023
01232013023120131200312030120321302013210230132031230210321031213012301223103201233021130213202310123102130321203102313201032301
01232013023120131200312030120321302013210230132031230210321031213012301223103230103201233201132023101231021303212031023130213201
01232013023120131200312030120321302013210230132031230210321031213012301223103230110233120231302130321203102132010320123102310123
01232013023120131200312032130201321023130210321031210302123021301203123032110320103231032230123312023101230132012310213203102301
01232013023120131200312032130201321023130210321031210302123021301203123032112033120231013201230103223012310213203102301323103201
01232013023120131200312032130201321023130210321031210302123021301203123032113022301230132031023010233120231013231021320123103201
01232013023120131200312032130201321023130210321031210302123021301203123032113022310123013203102301032012310323012331202310213201
01232013023120131200312032130201321023130210321031210302123021301203123032113201231012301032301320231021320310230123301223103201
01232013023120132103123021301231023013231013202310320123012032102313201023321003213022301130212031020131021320312130312030210321
01232013023120132103123021301231023013231013202310320123012032102313201032120330211320312103021032213031203102013102132003213021
01232013023120132103123021301231023013231013202310320123012032102313201032201310213200321303121302103211320310201330212031203012
01232013023120132103123021301231023013231013202310320123012032102313201032201312003212031210321302103021123031203310203102132031
01232013023120132103123021301231023013231013202310320123012032102313201032201331200231132031210302103213021230312031020131021320
01232013023120132103123021301231023013231013202310320123012032102313201032210321130210301210331020131203102132031200321230321302
01232013023120132103123021301231023013231013202310320123012032102313201032210321203012103310201312031021320312002311230321302103
01232013023120132103123021301231023013231013202310320123012032102313201032210321203012130312031020131021320032130210330211320312
01232013023120132103123021301231023013231013202310320123012032102313201032210321203021033120312003121303213021130201310213203102
01232013023120132103123021301231023013231013202310320123012032102313201032210321203102031102331200213102132031203012130321302103
01232013023120132103123021301231023013231013202310320123012032102313201032210321203102132002131203012130321302103310203113203120
01232013023120132103123021301231023013231013202310320123012032102313201032210321203113021033210021310203102132031203012130321302
01232013023120132103123021301231023013231013202310320123012032102313201032210321203120331021320031213032130210302113203102013102
01232013023120132103123021301231023013231013202310320123012032102313201032210321203321002311203102013102132031203012130321302103
01232013023120132103123021301231023013231013202310320123012032102313201032210321230023112030121303213021033102013102132031203102
01232013023120132103123021301231023013231013202310320123012032102313201032210321230321102331203102013102132031200321302103012103
01232013023120132103123021301231023013231013202310320123012032102313201032210321230321300312030210330121302112031020131021320312
01232013023120132103123021301231023013231013202310320123012032102313201032210321302013120021330210301213032113021203102132031203
01232013023120132103123021301231023013231013202310320123012032102313201032210321302103320113203102013102132003120301213032120312
01232013023120132103123021301231023013231013202310320123012032102313201032210321302113203120310201310213200123301213032120302103
01232013023120132103123021301231023013231013202310320123012032102313201032231001233021130212303120310201310213203121030210321302
01232013023120132103123021301231023013231013202310320123012032102313203120032130321203102201331021320103211302013120301213021032
01232102301032130231023112301320213012103201302132012330120310203132031220132103123021030212300231203210123103230123031201310213
01232103021031230211032013021320312103221302312031021312021303120132012310321301230120321012330212300231023010323013210231302013
01232103021031230211032013021320312103221302312031021312021303120132012310321301230120321203310231020313200321013210230103230132
01232103021031230211032013021320312103221302312031021312021303120132012310321301230132101233021230023102301032301203210231302013
01232103021031230211032013021320312103221302312031021312021303120132012310321301230132102301023102031320032101323012032120331023
01232103021031230211032013021320312103221302312031021312021303120132012310321301230132102301032301203210123302123002310231302013
01232103021031230211032013021320312103221302312031021312021303120132012310321301230132102301203210132301023102031320032120331023
01232103021031230211032013021320312103221302312031021312021303120132012310321301230132102301203212033102031320032101323010231023
01232103021031230211032013021320312103221302312031021312021303120132012310321301230132102301203310203132003212032101323010231023
01232103021031230211032013021320312103221302312031021312021303120132012310321301230132102310203132003210123310230103230120321203
01232103021031230211032013021320312103221302312031021312021303120132012310321301230132102310230102331020313200321013230120321203
01232103021031230211032013021320312103221302312031021312021303120132012310321301230132102310230103230120321012330212300231302013
01232103021031230211032013021320312103221302312031021312021303120132012310321301230132102310230120321013230102330212300231302013
01232103021031230211032013021320312103221302312031021312021303120132012310321301230132102310233102031320032101323010230120321203
01232103021031230211032013021320312103221302312031021312021303120132012310321301230132102313020133021230023102301032301203210123
01232103021031230211032013021320312103221302312031021312021303120132012310321301230132102330212300231023012032101323010231302013
01233012030213203102131203213012130321023012310321203123013210312021302013023102312013221300231302103201023201230211032310132013
01233012030213203102131203213012130321023012310321203123013210312021302013023102313021102320132231013201032012302103231002312013
01233012030213203102131203213012130321023012310321203123013210312021302013023102313021130223101230210320103231002312013201232013
01233012030213203102131203213012130321023012310321203123013210312021302031320031221032012320132010323101230211302310231201302103
01233012030213203102131203213023103201302031230132103121301231023012203112300132310123021203130210321023120213031201320102320123
01233012030213203102131203213023103201302031230132103121301231023012203130212031123003120132301023120213032102321013201230210321
01233012030213203102131203213023103201302031230132103121301231023012213032120313021123021032101320123003120132301023210231202130
01233012030213203102131203213023103201302031230132103121301231023012231012320123031202311230212031302103210231201320103231002130
01233012130231203021230213203102301203213012310213120213003120130210321013210312213032112031302031230102321023103201323013201230
01233012130231203021230213203102301203213012310213120213003120130210321031220312301320103201321023103231012320123032112031302013
01233012130231203021230213203102301203213012310213120213003120130210321031221303211203130203123010231032013210232101323013201230
01233012130231203021230213203102301203213012310213120213003120130210321031223013230102321013210231032013201230112031302031230312
01233012310321302310132031021301210320123021320102312013231023201302103123012031200132103021203210230132213032113020313202131203
01233012310321302310132031021301210320123021320102312013231023201302103123013210230112303212300213102031203210301223012031320213
01233012310321302310132031021301210320123021320102312013231023201302103123013210230120321230031202131203021120313020312213032103
01233012310321302310132031021301210320123021320102312013231023201302103123013210302123002311032213031202131203210230120313020312
01233021130210312301321030123103210231021320310230103201302312013120321301203121303212302130201320123210123003120231302210323012
01233021130210312301321030123103210231021320310230103201302312013120321301210322031320012303212302130201320123210132301203120213
01233021130210312301321030123103210231021320310230103201302312013120321301221300321230213020132012321012303121032301203120231302
01233021130210312301321030123103210231021320310230103201302312013120321302013230120313202130121032203120012321013201230321230213
01233021130210312301321030123103210231021320310230103201302312013120321302031200312103230122013201232101230321230213012031320213
01233021130210312301321030123103210231021320310230103201302312013120321302031202130120313201232101230312103230122013200321230213
01233021130210312301321030123103210231021320310230103201302312013120321302031202130121032301203132001232101322013201230321230213
01233021130210312301321030123103210231021320310230103201302312013120321302031202313200321230213012201320123210123031210323012031
01233021130210312301321030123103210231021320310230103201302312013120321302031220132003212302130121032301203132012321012303120213
01233021130210312301321030123103210231021320310230103201302312013120321303212300312130201320123210123021301203120231302210323012
01233021130210312301321030123103210231021320310230103201302312032123031220313200321301210323012031201312021302013201232101230213
01233021230132103012032102321013203102132012303123021031203130213120132301023012230112300321301231023103201302312021302031210321
01233021230132103012032102321013203102132012303123021031203130213120132301032130032110230122130203121032013023102312021301231032
01233021230132103012032102321013203102132012303123021031203130213120132301032130123102310032110230121032013023120213020312231032
01233021230132103012032102321013203102132012303123021031203130213120132301032130123103201302031213002130231023120231102301221032
01233021230132103012032102321013203102132012303123021031203130213120132301032130123103201302310230121032213002311023120213020312
01233021230132103012032102321013203102132012303123021031203130213120132301032130123103221300213023102312023110230121032013020312
01233021230132103012032102321013203102132012303123021031203130213120132301032130123103223100213023102312023110230121032013020312
01233021230132103012032102321013203102132012303123021031203130213120132301032130123103223102312023100213020312103201302311023012
01233021230132103012032102321013203102132012303123021031203130213120132301032130231102301231002312021301210320130203122310231032
01233021320231032012310132031021301232010321031230120321303120130231203121302120302103223100123021102313201310201321023013231023
01233021320231032012310132031021301232010321031230120321303120130231203121302120302103231020131023013210231132013220313200123021
01233021320231032012310132031021301232010321031230120321303120130231203121302120302103231020132102311320131023013220313200123021
01233021320231032012310132031021301232010321031230120321303120130231203121302120302103231020132231001230211023013210231320131023
01233021320231032012310132031021301232010321031230120321303120130231203121302120302103231020311320132201310230132102313200123021
01233021320231032012310132031021301232010321031230120321303120130231203121302120302103231020313201310230132201321023112300123021
01233021320231032012310132031021301232010321031230120321303120130231203121302120302103231022130012302113020131023013210231320132
01233021320231032012310132031021301232010321031230120321303120130231203121302120302103231023013223011320131020132102313200123021
01233102013210301213023132012310321230210312301230023110322103201032310231201302130120310213203120231012320131203213032102301320
01233102013210301213023132012310321230210312301230023110322103201032310231201302130120321303210230132023101232013102132031203102
01233102013210301213023132012310321230210312301230023110322103201032310231201310213012031203213032102301320231012320130213203102
01233102031230210312013210230123103213023120231021320123013230102313200213012031023201130212303121030213120321032013022310132031
01233102031230210312013210230123103213023120231021320123013230102313200213012031103221303212030121032013021312032101320310232103
01233102031230210312013210230123103213023120231021320123013230102313200213012032103201302131203012130321203102320110322310132031
01233102132012301320312302120313021031201321023010321301231023120213031213023103201302230120302131203210123210323100231130203102
01233102132012301320312302120313021031201321023010321301231023120213031213023103201302231012321003210323012030213120321130203102
01233120023103201231013203102130123021320213102301203213031201302312030212031103230132102313201322310203121302103123010232103210
01233120032102320130231013210302103121032231032010321301230120321230312302110231203120131023013201231021302132023132031020132301
01233120032102320130231013210302103121032231032010321301230120321230312302130201320312013120310213201231023013230110231202313021
01233120032102320130231013210302103121032231032010321301230120321230312302131021320123102301320310203120132301102312031320213021
01233120032102320130231013210302103121032231032010321301230120321230312302131203102312013230132012310213020312021320313021102301
01233120032102320130231013210302103121032231032010321301230120321230312302132031023011023120312013102013230132023132012310213021
01233120032102320130231013210302103121032231032012302132010230123102312013230132023132031230312031020131021301203211032130212301
01233120032130123102132031230213120310230132103201302310321230120321023120132011203012130203130210312021303122301032310123201230
01233120032130123102132031230213120310230132103201302310321230120321023120132012321012303121030122031302103120213020311032301023
01233120130231032013102301321023210321013201230213202313203102013221302103121030212031200231203213012310213031230102311032301203
01233120130231032013102301321023210321013201230213202313203102013221302103121030212031203211032301023120031230123102130321301203
01233120130231032013102301321023210321013201230213202313203102013221302103121030212031203213032110231200312301032301231021301203
01233120130231032013102301321023210321013201230213202313203102013221302103121030212031230123102130120321103230102312003213031203
01233120130231032013102301321023210321013201230213202313203102013221302103121030212032130123102130312002311023120312301032301203
01233120130231032013102301321023210321013201230213202313203102013221302103121030212032130312002311023120312301032301231021301203
01233120130231032013102301321023210321013201230213202313203102013221302103121030212032130312031230102312002311032301231021301203
01233120130231032013102301321023210321013201230213202313203102013221302103121030212300321301231021303120312301032301203211023120
01233120130231032013102301321023210321013201230213202313203102013221302103121300231102312032130120302120312301032301231021303120
01233120130231032013102301321023210321013201230213202313203102013221302103121301203021102312032120312003123010323012310213032130
01233120130231032013102301321023210321013201230213202313203102013221302103121301231021303123012030211032301023120032120312032130
01233120130231032013102301321023210321013201230213202313203102013221302103123010231200312130123102130321103230120302120312032130
01233120130231032013102301321023210321013201230213202313203102013221302103123032110323012310213003120321301203121030212301023120
01233120130231032013102301321023210321013201230213202313203102013221303211023120031210302120312032130123102130210312301032301203
01233120130231032013102301321023210321013201230213202313203102013230102311032230120301213032120312002312032130123102130210312301
01233120130231032013102301321031230120321301230213203120231203012130321203102013223010323011302103210123210231320013201231021302
01233120130231032013102301321031230120321301230213203120231203012130321203102031130210323102130220132001231012320103210231320123
01233120130231032013102301321031230120321301230213203120231203012130321203102130201320113200132230102313021032102320123101323102
01233120130231032013102301321031230120321301230213203120231203012130321203102203113200321013230102321023130201320123102130210321
01233120130231032013102301321031230120321301230213203120231203012130321203130210323101320103210231123001232012310201322031021302
01233120130231032013102301321031230120321301230213203120231203012130321203132003122031021302103210123102013201232102311032301023
01233120231032013021301203213023130201320312031023120131022301231021320123003212030121303123021032101232102301032301123013210312
01233120231032013021301203213023130201320312031023120131022301231021320123013210302110323100321230210312303121032101232102301023
01233120231032013021301203213023130201320312031023120131022301231021320123013231003123021032112303210132102301023210312103021203
01233120231032013021301203213023130201320312031023120131022301231021320123021032110323101321030121031230102321003212303210230132
01233120231032013021301203213023130201320312031023120131022301231021320123021032301032103121303211203021230031230132101232102301
01233120231032013021301203213023130201320312031023120131022301231021320123021102321013231003210302103121032123031230102301321023
01233120231032013021301203213023130201320312031023120131022301231021320123021123003121031230103212303210123210230132103021032301
01233120231032013021301203213023130201320312031023120131022301231021320123021203021032110230102321003121303210312301323101321023
01233120231032013021301203213023130201320312031023120131022301231021320123021203021032112301321003121031230321023010323101232103
01233120231032013021301203213023130201320312031023120131022301231021320123021203021032310123201123001321023010321031213031230132
01233120231032013021301203213023130201320312031023120131022301231021320123021230012321023011203021031213031230103210132103230132
01233120231032013021301203213023130201320312031023120131022301231021320123031213002311230132103123021203021032101232102301032301
01233120231032013021301203213023130201320312031023120131022301231021320123032103123021030211023210031210321230102301323101321023
01233120321230132102301032130120310232101320130210312013230123032103012103220131021320213023132031102312002310320123102031230213
01233120321302013023130212302103021320310231021310223013210232103121032101320021301230102301132012310320132301203123031202312013
01233120321302013023130212302103021320310231021310223013210232103121032101320123010230112300231201323012031230312021301231032013
01233120321302013023130212302103021320310231021310223013210232103121032101320123011320231201323010230120312303120021301231032013
01233120321302013023130212302103021320310231021310223013210232103121032101320123031201323011320023120213012031230102301231032013
01233120321302013023130212302103021320310231021310223013210232103121032101320123103201323010230112300213012031230123031202312013
01233120321302310320123102132031020312302131023013201321023210132301230023113021030212301023120213012031302210321031213031201302
01233120321302310320123102132031020312302131023013201321023210132301230102311302213012031320213002312013021030121032123032103120
01233120321302310320123102132031020312302131023013201321023210132301230102312013021031200231132021301203012103212031302213032103
01233120321302310320123102132031020312302131023013201321023210132301230102312023113021203130223100213012030210321031213031201302
01233120321302310320123102132031020312302131023013201321023210132301230102312023130221301203113021030121032123002130321031201302
01233120321302310320123102132031020312302131023013201321023210132301230102313022013021203113202312002130120302103210312130312013
01233120321302310320123102132031020312302131023013201321023210132301230102313022031132023120130210301210321230321031200213012031
01233120321302310320123102132031020312302131023013201321023210132301230103210312103221301203132002130312023110231201302103021203
01233120321302310320123102132031020312302131023013201321023210132301230103220313200231102312021301203012130321031201302103212031
01233120321302310320123102132031020312302131023013201321023210132301230103221031200321102312013021030120313202130121032123032103
01233210032102301320310232013023101321031201323102132023130213012302103012031230121303212032130201310221032012310321132010231203
01233210032102301320310232013023101321031201323102132023130213012302103012031230321132012310321230102312032130201310223012103201
01233210032102301320310232013023101321031201323102132023130213012302103012031230321230113201023120321302013102230121032012310321
01233210032102301320310232013023101321031201323102132023130213012302103201023120302113201231032120312130201310221303123012032130
01233210032102301320310232013023101321031201323102132023130213020131022031132010231203213012031210301230210320123103212303123012
01233210132031021320231032012310031201310230120321303210232013210312302130210321203012130123013220130231102312031320103231020312
01233210132031021320231032012310031201310230120321303210232013210312302130212030210321130231320102312031213012301323102013022013
01233210132031021320231032012310031201310230120321303210232013210312302130231203021103212031213012301322013021032310203132010231
01233210132031021320231032012310031201310230120321303210232013210312302130231203110231320103212030121301230132201302103231020312
01233210132031021320231032012310031201310230120321303210232013210312302130231203121030210321230132310201302110231320103221301230
01233210132031021320231032012310031201310230120321303210232013210312302130231203121030210322130123013231020130211023132010321203
01233210132031021320231032012310031201310230120321303210232013210312302130231203121032213012301323102013021030211023132010321203
01233210132031021320231032012310031201310230120321303210232013210312302130231203121301223102013021032120301230102313201103230132
01233210132031021320231032012310031201310230120321303210232013210312302130231203122013020313201023113021032120301213012301323102
01233210132031021320231032012310031201310230120321303210232013210312302130231203122031102313201032120301213012301323102013021032
01233210132031021320231032012310031201310230120321303210232013210312302130231203122031320102311302013021032120301213012301323102
01233210132031021320231032012310031201310230120321303210232013210312302130231203122301023132011032120301213012301323102013021032
01233210132031021320231032012310031201310230120321303210232013210312302130231203122301023132011302013021032120301213012301323102
01233210132031021320231032012310031201310230120321303210232013210312302130231203132010321203021032203121301230132310201302110231
